363
dino0001.png 3310.400000 0.000000 316.730000 0.000000 3325.500000 200.550000 0.000000 0.000000 1.000000 -0.02755613714744022800 0.99855065785218411000 -0.04622970395378579000 -0.97626728342925628000 -0.03682184943054355600 -0.21341815104932660000 -0.21481113274439387000 0.03925223953400933800 0.97586583758523360000 -0.03273720861024858500 -0.00135737867652815920 0.66025659732745012000
dino0002.png 3310.400000 0.000000 316.730000 0.000000 3325.500000 200.550000 0.000000 0.000000 1.000000 -0.02777341537047223900 0.99852890790809612000 -0.04656822454514868800 -0.95382200060751443000 -0.04041118674799367600 -0.29764312460396397000 -0.29908727939432017000 0.03615189149178960100 0.95354003404660426000 -0.03273968791662332900 -0.00162602232526230790 0.65977471964404810000
dino0003.png 3310.400000 0.000000 316.730000 0.000000 3325.500000 200.550000 0.000000 0.000000 1.000000 -0.02804685146245782000 0.99849537186734827000 -0.04712014215915783000 -0.90543423117166821000 -0.04535047275123341200 -0.42205797353045427000 -0.42356014836782191000 0.03082742580359332900 0.90534268919186878000 -0.03274336231916135500 -0.00195352526955118020 0.65899598378204072000
dino0004.png 3310.400000 0.000000 316.730000 0.000000 3325.500000 200.550000 0.000000 0.000000 1.000000 -0.02824417461484798200 0.99846210267890800000 -0.04770363316184380400 -0.84088763664446209000 -0.04953599897118454000 -0.53893848512875253000 -0.54047314575154892000 0.02489211764577363100 0.84099244843291132000 -0.03274682929307595700 -0.00217431019872889150 0.65818054316265406000
dino0005.png 3310.400000 0.000000 316.730000 0.000000 3325.500000 200.550000 0.000000 0.000000 1.000000 -0.02836186354029687800 0.99842969404083293000 -0.04830828499158224000 -0.76133406922252622000 -0.05289307351115107900 -0.64619889368164551000 -0.64773992611027875000 0.01845188426755701300 0.76163765997794963000 -0.03275002696923913500 -0.00228443714342108860 0.65734294955388661000
dino0006.png 3310.400000 0.000000 316.730000 0.000000 3325.500000 200.550000 0.000000 0.000000 1.000000 -0.02839781810753462200 0.99839872427766763000 -0.04892330777829672500 -0.66819314365666538000 -0.05536179016339239800 -0.74192516235717787000 -0.74344633890867484000 0.01162165012297646500 0.66869439141374809000 -0.03275289828586978900 -0.00228194091413077590 0.65649814961722341000
dino0007.png 3310.400000 0.000000 316.730000 0.000000 3325.500000 200.550000 0.000000 0.000000 1.000000 -0.02835139669716123200 0.99836974605357665000 -0.04953772626677754900 -0.56312698605120615000 -0.05689809398249167500 -0.82440902887355716000 -0.82588447619867689000 0.00452330266807129430 0.56382124159965252000 -0.03275539200351225400 -0.00216686605677416080 0.65566121904596630000
dino0008.png 3310.400000 0.000000 316.730000 0.000000 3325.500000 200.550000 0.000000 0.000000 1.000000 -0.02822342768835635300 0.99834327647817178000 -0.05014057630321387700 -0.44801047734462524000 -0.05747456998714775600 -0.89217858797995897000 -0.89358324875677875000 -0.00271648975179211500 0.44888964729537462000 -0.03275746362236013600 -0.00194126605518917150 0.65484709266985131000
dino0009.png 3310.400000 0.000000 316.730000 0.000000 3325.500000 200.550000 0.000000 0.000000 1.000000 -0.02801619472419940700 0.99831978790849685000 -0.05072109985856027700 -0.32489790412466796000 -0.05708093080035599900 -0.94402447276720680000 -0.94533455287973678000 -0.00996853099756047670 0.32595059523896086000 -0.03275907617379040400 -0.00160916680507624570 0.65407029880383505000
dino0010.png 3310.400000 0.000000 316.730000 0.000000 3325.500000 200.550000 0.000000 0.000000 1.000000 -0.02773339582832785500 0.99829969949256825000 -0.05126893762613741300 -0.19598618138353943000 -0.05572420082107392600 -0.97902150558208256000 -0.98021489868410261000 -0.01710341009421944800 0.19719790397815368000 -0.03276020088220101000 -0.00117649453965747510 0.65334469915225424000
dino0011.png 3310.400000 0.000000 316.730000 0.000000 3325.500000 200.550000 0.000000 0.000000 1.000000 -0.02738007762685419300 0.99828336971383791000 -0.05177431328636402500 -0.06357577519692107800 -0.05342859127869812500 -0.99654515449662662000 -0.99760183655455248000 -0.02399380311057842900 0.06492920162698401200 -0.03276081767685294600 -0.00065097041762439758 0.65268324224568064000
dino0012.png 3310.400000 0.000000 316.730000 0.000000 3325.500000 200.550000 0.000000 0.000000 1.000000 -0.02696254500021049600 0.99827108997337688000 -0.05222820852912271600 0.06997048179456331900 -0.05023506678706122400 -0.99628271410625191000 -0.99718510066301458000 -0.03051675259944983800 -0.06849520784563031800 -0.03276091555119032400 -0.00004197229366937824 0.65209773162746287000
dino0013.png 3310.400000 0.000000 316.730000 0.000000 3325.500000 200.550000 0.000000 0.000000 1.000000 -0.02648824893596142200 0.99826307940661962000 -0.05262252346570146800 0.20226941894350858000 -0.04620061669204000200 -0.97823886773379476000 -0.97897212777909060000 -0.03655585468620184400 -0.20069432819564784000 -0.03276049275861795500 0.00063963208880518218 0.65159861589983437000
dino0014.png 3310.400000 0.000000 316.730000 0.000000 3325.500000 200.550000 0.000000 0.000000 1.000000 -0.02596565313612407900 0.99825948096025097000 -0.05295022163854631200 0.33096019274812200000 -0.04139723480927195300 -0.94273560358546238000 -0.94328792413191564000 -0.04200334301060951200 -0.32930909712864032000 -0.03275955684377013900 0.00138167965946904600 0.65119480166588373000
dino0015.png 3310.400000 0.000000 316.730000 0.000000 3325.500000 200.550000 0.000000 0.000000 1.000000 -0.02540408347024125300 0.99826035884956188000 -0.05320545518127502800 0.45374628002885381000 -0.03591063884413630400 -0.89040648743023643000 -0.89076928440689518000 -0.04676200560605334900 -0.45204434779344305000 -0.03275812450831148300 0.00217092836999211590 0.65089349510458616000
dino0016.png 3310.400000 0.000000 316.730000 0.000000 3325.500000 200.550000 0.000000 0.000000 1.000000 -0.02481356101728057100 0.99826569740882354000 -0.05338366951118443000 0.56843659185850548000 -0.02983873581471184800 -0.82218532007175038000 -0.82235339141131225000 -0.05074692525469490200 -0.56670989843034458000 -0.03275622131193227400 0.00299329426225885360 0.65070007296085441000
dino0017.png 3310.400000 0.000000 316.730000 0.000000 3325.500000 200.550000 0.000000 0.000000 1.000000 -0.02420462381708107100 0.99827540136993920000 -0.05348168434325899200 0.67298444725288686000 -0.02328988054426061800 -0.73928952749589982000 -0.73926114606501425000 -0.05388698994072140000 -0.67125950992562833000 -0.03275388121770904400 0.00383410198482153800 0.65061798690743400000
dino0018.png 3310.400000 0.000000 316.730000 0.000000 3325.500000 200.550000 0.000000 0.000000 1.000000 -0.02358813829164965700 0.99828929756592100000 -0.05349775062909076200 0.76552420303158797000 -0.01638093673920171200 -0.64319837901176469000 -0.64297532335583807000 -0.05612616571472490300 -0.76382750775627561000 -0.03275114598445517200 0.00467834741129968030 0.65064870173932277000
dino0019.png 3310.400000 0.000000 316.730000 0.000000 3325.500000 200.550000 0.000000 0.000000 1.000000 -0.02297510555911847600 0.99830713802142634000 -0.05343158165149208800 0.84440449460448030000 -0.00923519370750996650 -0.53562660851922395000 -0.53521413112515814000 -0.05742449454374108600 -0.84276202336087236000 -0.03274806442204432300 0.00551096507118905080 0.65079166937558819000
dino0020.png 3310.400000 0.000000 316.730000 0.000000 3325.500000 200.550000 0.000000 0.000000 1.000000 -0.02237646536161868500 0.99832860436849136000 -0.05328435821454338700 0.90821768090568733000 -0.00198016925036281030 -0.41849386462320709000 -0.41790059826228232000 -0.05775880738338265400 -0.90665444803039186000 -0.03274469152182744200 0.00631709666735529640 0.65104433851841093000
dino0021.png 3310.400000 0.000000 316.730000 0.000000 3325.500000 200.550000 0.000000 0.000000 1.000000 -0.02180290029305946200 0.99835331354518786000 -0.05305870748594475300 0.95582503059348844000 0.00525467242251810920 -0.29389035366424382000 -0.29312815724444857000 -0.05712313849944158900 -0.95436463643301683000 -0.03274108747241776000 0.00708235697054857180 0.65140220034620244000
dino0022.png 3310.400000 0.000000 316.730000 0.000000 3325.500000 200.550000 0.000000 0.000000 1.000000 -0.02126464578396923500 0.99838082460928390000 -0.05275865626663449300 0.98637697707625660000 0.01234022351955663500 -0.16403966046283536000 -0.16312340749673676000 -0.05552883158255968200 -0.98504118679122976000 -0.03273731658909418600 0.00779308969467535500 0.65185886871364473000
dino0023.png 3310.400000 0.000000 316.730000 0.000000 3325.500000 200.550000 0.000000 0.000000 1.000000 -0.02077130685981140200 0.99841064663229351000 -0.05238955890024210600 0.99932832803517757000 0.01915004404339108700 -0.03125894018178315700 -0.03020625328488196400 -0.05300433666571294200 -0.99813668325928551000 -0.03273344616238513200 0.00843661198098087650 0.65240619448083570000
dino0024.png 3310.400000 0.000000 316.730000 0.000000 3325.500000 200.550000 0.000000 0.000000 1.000000 -0.02033168729292493900 0.99844224743179943000 -0.05195800203344297400 0.99444796295706794000 0.02556261082480576100 0.10208229775016617000 0.10325136126036766000 -0.04959470407319268400 -0.99341743300670771000 -0.03272954526114759500 0.00900143999264167200 0.65303441046498523000
dino0025.png 3310.400000 0.000000 316.730000 0.000000 3325.500000 200.550000 0.000000 0.000000 1.000000 -0.01995363199136512800 0.99847506309894651000 -0.05147168669730046300 0.97182297081202340000 0.03146349311369821300 0.23360461021822640000 0.23486791631085840000 -0.04536077789885951300 -0.97096764994732077000 -0.03272568349604917900 0.00947749450627397360 0.65373230629920875000
dino0026.png 3310.400000 0.000000 316.730000 0.000000 3325.500000 200.550000 0.000000 0.000000 1.000000 -0.01964388745868863800 0.99850850802889279000 -0.05093929132624312700 0.93185710097043095000 0.03674738800018918100 0.36096094443623999000 0.36229467729495085000 -0.04037811375025544100 -0.93118795679592814000 -0.03272192978137798700 0.00985628019472289080 0.65448742783537406000
dino0027.png 3310.400000 0.000000 316.730000 0.000000 3325.500000 200.550000 0.000000 0.000000 1.000000 -0.01940798101342836000 0.99854198540470829000 -0.05037031639079046800 0.87526353500534249000 0.04132000561940333400 0.48187865649239536000 0.48325774355171169000 -0.03473562610039397600 -0.87478821284621400000 -0.03271835110129187000 0.01013103771622485600 0.65528630010678723000
dino0028.png 3310.400000 0.000000 316.730000 0.000000 3325.500000 200.550000 0.000000 0.000000 1.000000 -0.01925012247268096200 0.99857489781317299000 -0.04977491540925013000 0.80305220107407560000 0.04509974631937427300 0.59419993568787199000 0.59559849502381013000 -0.02853400673389291200 -0.80277488744692826000 -0.03271501131834698300 0.01029686394526255200 0.65611466701229537000
dino0029.png 3310.400000 0.000000 316.730000 0.000000 3325.500000 200.550000 0.000000 0.000000 1.000000 -0.01917312878507926000 0.99860665794007764000 -0.04916371317248227600 0.71651169349296540000 0.04801916151387532900 0.69592043514115931000 0.69731223735152659000 -0.02188392209371473700 -0.71643304149859743000 -0.03271197003018661700 0.01035079975167448600 0.65695774653876893000
dino0030.png 3310.400000 0.000000 316.730000 0.000000 3325.500000 200.550000 0.000000 0.000000 1.000000 -0.01917837392470880500 0.99863669901699381000 -0.04854761675690453400 0.61718635204453431000 0.05002615341480025300 0.78522492383045528000 0.78658386009587211000 -0.01490404481714830000 -0.61730346961083715000 -0.03270928150945635200 0.01029188263577268300 0.65780049369411164000
dino0031.png 3310.400000 0.000000 316.730000 0.000000 3325.500000 200.550000 0.000000 0.000000 1.000000 -0.01926576429328319100 0.99866448496795035000 -0.04793762025854321500 0.50684861414948379000 0.05108490772243087800 0.86051978410208474000 0.86182033208825004000 -0.00771892917701547630 -0.50715511574245853000 -0.03270699373217800200 0.01012116395967099100 0.65862786985300870000
dino0032.png 3310.400000 0.000000 316.730000 0.000000 3325.500000 200.550000 0.000000 0.000000 1.000000 -0.01943374038501061200 0.99868951994481026000 -0.04734460923707377300 0.38746748788169333000 0.05117653066733030000 0.92046135792367556000 0.92167903725161071000 -0.00045679558980362333 -0.38795360835593407000 -0.03270514752438279100 0.00984169024632718620 0.65942511025438999000
dino0033.png 3310.400000 0.000000 316.730000 0.000000 3325.500000 200.550000 0.000000 0.000000 1.000000 -0.01967930470593413900 0.99871135720428350000 -0.04677916583507950300 0.26117330143774303000 0.05029938725953756600 0.96398000197009215000 0.96509181103258723000 0.00675276487400710590 -0.26182607039103828000 -0.03270377583121578800 0.00945844863860339710 0.66017798833029151000
dino0034.png 3310.400000 0.000000 316.730000 0.000000 3325.500000 200.550000 0.000000 0.000000 1.000000 -0.01999807509144011600 0.99872960705431169000 -0.04625138054965674500 0.13021981021933152000 0.04846913037072509600 0.99029911375585311000 0.99128394023046529000 0.01378109557315161500 -0.13102328336032731000 -0.03270290313092869700 0.00897827819115355060 0.66087306875896012000
dino0035.png 3310.400000 0.000000 316.730000 0.000000 3325.500000 200.550000 0.000000 0.000000 1.000000 -0.02038436310421717600 0.99874394382899723000 -0.04577067164473089300 -0.00305613399060148750 0.04571842092301728300 0.99894903493875964000 0.99978803249770154000 0.02050277674260554000 0.00212059025005962050 -0.03270254499666622200 0.00840974751255240200 0.66149794791668370000
dino0036.png 3310.400000 0.000000 316.730000 0.000000 3325.500000 200.550000 0.000000 0.000000 1.000000 -0.02083127548833536200 0.99875411168933415000 -0.04534561732953328000 -0.13627623638574429000 0.04209634485857114600 0.98977540513174089000 0.99045232974526543000 0.02679786062632472400 0.13522961242345971000 -0.03270270781939722800 0.00776300195593664440 0.66204147488666076000
dino0037.png 3310.400000 0.000000 316.730000 0.000000 3325.500000 200.550000 0.000000 0.000000 1.000000 -0.02133083696616588600 0.99875992918698486000 -0.04498380281828371500 -0.26706314663951503000 0.03766753914703242800 0.96294193034782027000 0.96344343022363377000 0.03255400967571285600 0.26592841509119858000 -0.03270338869350412900 0.00704958287829814470 0.66249395027670976000
dino0038.png 3310.400000 0.000000 316.730000 0.000000 3325.500000 200.550000 0.000000 0.000000 1.000000 -0.02187413298031246400 0.99876129251006829000 -0.04469168460606932900 -0.39308300301540983000 0.03251103478751651100 0.91892744765053969000 0.91924330140964594000 0.03766850676112817900 0.39188470877597908000 -0.03270457546894818500 0.00628222107573998220 0.66284729976962664000
dino0039.png 3310.400000 0.000000 316.730000 0.000000 3325.500000 200.550000 0.000000 0.000000 1.000000 -0.02245146826006564100 0.99875817732969940000 -0.04447447562483301800 -0.51208694560921975000 0.02671885105566359700 0.85851740790604769000 0.85864070707679907000 0.04205008223859272400 0.51085076786775463000 -0.03270624696738665100 0.00547461033620496270 0.66309521774398283000
dino0040.png 3310.400000 0.000000 316.730000 0.000000 3325.500000 200.550000 0.000000 0.000000 1.000000 -0.02305254039277620400 0.99875063923554119000 -0.04433605191789705800 -0.62195137697855585000 0.02039434811157186600 0.78278981410399240000 0.78271708630620540000 0.04562054792143996300 0.62070367094634449000 -0.03270837336132195000 0.00464116228390940720 0.66323328016167660000
dino0041.png 3310.400000 0.000000 316.730000 0.000000 3325.500000 200.550000 0.000000 0.000000 1.000000 -0.02366662307659250100 0.99873881274701126000 -0.04427888369537971000 -0.72071573533807387000 0.01365038849527303400 0.69309604652872892000 0.69282731753879911000 0.04831618784185004500 0.71948306195200618000 -0.03271091670465416800 0.00379675003457451750 0.66325902325989849000
dino0042.png 3310.400000 0.000000 316.730000 0.000000 3325.500000 200.550000 0.000000 0.000000 1.000000 -0.02428275815005917100 0.99872290890502358000 -0.04430399111080259000 -0.80661759387871157000 0.00660731658427760050 0.59103666942434441000 0.59057546261396765000 0.05008889893772425200 0.80542624582163314000 -0.03271383161201810200 0.00295644192672694320 0.66317198765909868000
dino0043.png 3310.400000 0.000000 316.730000 0.000000 3325.500000 200.550000 0.000000 0.000000 1.000000 -0.02488995050889547500 0.99870321151812702000 -0.04441092611525129100 -0.87812400969032256000 -0.00060918201536319617 0.47843296117996742000 0.47778623474186971000 0.05090704667923604700 0.87699954218291964000 -0.03271706606606914600 0.00213523349571536140 0.66297372653413800000
dino0044.png 3310.400000 0.000000 316.730000 0.000000 3325.500000 200.550000 0.000000 0.000000 1.000000 -0.02547736494787915300 0.99868007208157050000 -0.04459778047865376600 -0.93395896755507313000 -0.00787033057881837690 0.35729430855724154000 0.35647233123839028000 0.05075603141184037400 0.93292574235031056000 -0.03272056234873343300 0.00134777901337105940 0.66266777780828789000
dino0045.png 3310.400000 0.000000 316.730000 0.000000 3325.500000 200.550000 0.000000 0.000000 1.000000 -0.02603451889055778300 0.99865390352513028000 -0.04486121973215832100 -0.97312607689130237000 -0.01504655186062483000 0.22978246500175298000 0.22879863295054481000 0.04963854804560564900 0.97220682749750253000 -0.03272425806786003600 0.00060813082717846995 0.66225960122291061000
dino0046.png 3310.400000 0.000000 316.730000 0.000000 3325.500000 200.550000 0.000000 0.000000 1.000000 -0.02655147005550857100 0.99862517282055785000 -0.04519654286407764900 -0.99492640981982161000 -0.02200978787524094200 0.09817284945296689300 0.09704344707753292900 0.04757453780908889300 0.99414183587369365000 -0.03272808727420800600 -0.00007051221446938670 0.66175648059343128000
dino0047.png 3310.400000 0.000000 316.730000 0.000000 3325.500000 200.550000 0.000000 0.000000 1.000000 -0.02701899330329139400 0.99859439267538519000 -0.04559776593848282500 -0.99897093324671016000 -0.02863577771071888400 -0.03518592735484515900 -0.03644201790285284100 0.04460083354749612400 0.99833933106358996000 -0.03273198163450932700 -0.00067603953495767172 0.66116739424948145000
dino0048.png 3310.400000 0.000000 316.730000 0.000000 3325.500000 200.550000 0.000000 0.000000 1.000000 -0.02742874579121038600 0.99856211235408321000 -0.04605772922372073500 -0.98518747360008596000 -0.03480628213261629400 -0.16791410932977113000 -0.16927574517797644000 0.04077050031587254500 0.98472440975007913000 -0.03273587165481787300 -0.00119764564128289200 0.66050285429869426000
dino0049.png 3310.400000 0.000000 316.730000 0.000000 3325.500000 200.550000 0.000000 0.000000 1.000000 -0.02777341537047223500 0.99852890790809612000 -0.04656822454514868100 -0.95382200060751443000 -0.04041118674799366900 -0.29764312460396375000 -0.29908727939431995000 0.03615189149178961400 0.95354003404660437000 -0.03273968791662332900 -0.00162602232526230710 0.65977471964404810000
dino0050.png 3310.400000 0.000000 316.730000 0.000000 3325.500000 200.550000 0.000000 0.000000 1.000000 -0.06926142704252082100 0.99410783232785704000 0.08338216808487665400 -0.95364605291402949000 -0.04144183994305303300 -0.29806489556355992000 -0.29285326125089300000 -0.10016084468241193000 0.95089608147738569000 -0.03201873241692387900 -0.00159211721394027840 0.66449106862430074000
dino0051.png 3310.400000 0.000000 316.730000 0.000000 3325.500000 200.550000 0.000000 0.000000 1.000000 -0.05127821940761798100 0.99477561361573574000 0.08827308991709063900 -0.98507573055334319000 -0.03583924520062747900 -0.16835182513331179000 -0.16430861641721542000 -0.09558781438989109900 0.98176583270231477000 -0.03191534839453153600 -0.00116410295868796250 0.66521205181671439000
dino0052.png 3310.400000 0.000000 316.730000 0.000000 3325.500000 200.550000 0.000000 0.000000 1.000000 -0.03280018107695496800 0.99533575266157948000 0.09072487703044375400 -0.99892495913762580000 -0.02967066219550690300 -0.03563089343870120400 -0.03277264519335505000 -0.09179539465266031700 0.99523769111276528000 -0.03182045053307662500 -0.00064282812280438105 0.66587005512215580000
dino0053.png 3310.400000 0.000000 316.730000 0.000000 3325.500000 200.550000 0.000000 0.000000 1.000000 -0.01415705785968691600 0.99577825362602457000 0.09069377659191864300 -0.99494659527405760000 -0.02304617103240613800 0.09772945703572304100 0.09940735589017663000 -0.08885126227128308000 0.99107124759317666000 -0.03173573231168027400 -0.00003759500285775101 0.66645333628592784000
dino0054.png 3310.400000 0.000000 316.730000 0.000000 3325.500000 200.550000 0.000000 0.000000 1.000000 0.00431846808324751540 0.99609522018315200000 0.08818034358154598600 -0.97321163193263094000 -0.01608398420231049000 0.22934944211633737000 0.22987266571777776000 -0.08680795459753847000 0.96934085135088710000 -0.03166270550713205800 0.00064079615808809807 0.66695148679247573000
dino0055.png 3310.400000 0.000000 316.730000 0.000000 3325.500000 200.550000 0.000000 0.000000 1.000000 0.02229669577696166300 0.99628099597529096000 0.08322943092077396400 -0.93410793566853534000 -0.00890834389417392670 0.35688026602164791000 0.35629509401373360000 -0.08570193503355683100 0.93043428743991341000 -0.03160267330336984100 0.00138023927830054070 0.66735561700541468000
dino0056.png 3310.400000 0.000000 316.730000 0.000000 3325.500000 200.550000 0.000000 0.000000 1.000000 0.03945680796517858600 0.99633226587700563000 0.07592938648476328700 -0.87833330276956134000 -0.00164729772619916400 0.47804617111229919000 0.47641866219835599000 -0.08555294023903288500 0.87504583436744332000 -0.03155670696098878500 0.00216753916874087500 0.66765851531588638000
dino0057.png 3310.400000 0.000000 316.730000 0.000000 3325.500000 200.550000 0.000000 0.000000 1.000000 0.05549257760272001400 0.99624811496242993000 0.06641048162680064600 -0.80688304730132954000 0.00556957888342691190 0.59068491761472297000 0.58809973129434823000 -0.08636362906812640500 0.80416391471110027000 -0.03152562676234199600 0.00298864624066082520 0.66785477641805213000
dino0058.png 3310.400000 0.000000 316.730000 0.000000 3325.500000 200.550000 0.000000 0.000000 1.000000 0.07011785014170461600 0.99603004488489610000 0.05484257897135143300 -0.72103218231351929000 0.01261350246437380700 0.69278649351777966000 0.68934537881925895000 -0.08811953496883492800 0.71905339970130733000 -0.03150998732628423200 0.00382890803095831820 0.66794089807857804000
dino0059.png 3310.400000 0.000000 316.730000 0.000000 3325.500000 200.550000 0.000000 0.000000 1.000000 0.08307163346591428500 0.99568194716648473000 0.04143211100616607500 -0.62231274072193410000 0.01935877221229963900 0.78252886738286809000 0.77834884761796752000 -0.09078932330478262100 0.62123311049955787000 -0.03151006774296594100 0.00467332983083443200 0.66791534343212544000
dino0060.png 3310.400000 0.000000 316.730000 0.000000 3325.500000 200.550000 0.000000 0.000000 1.000000 0.09412277035032795600 0.99521003352933224000 0.02641838438656533800 -0.51248634780644819000 0.02568502037070229800 0.85831060759805999000 0.85352189166613979000 -0.09432535232933186900 0.51244862722223194000 -0.03152586657737030400 0.00550684313133534800 0.66777856849536654000
dino0061.png 3310.400000 0.000000 316.730000 0.000000 3325.500000 200.550000 0.000000 0.000000 1.000000 0.10307405013822864000 0.99462272540548391000 0.01006932330147111700 -0.39351288654546124000 0.03147935325570816500 0.91877936762097645000 0.91352302677629271000 -0.09866452060654933000 0.39464123967617326000 -0.03155710189483839500 0.00631457365236722490 0.66753301405565013000
dino0062.png 3310.400000 0.000000 316.730000 0.000000 3325.500000 200.550000 0.000000 0.000000 1.000000 0.10976573934138574000 0.99393050317065279000 -0.00732332708883842030 -0.26751541044912747000 0.03663837235608510800 0.96285609661237348000 0.95728154676606603000 -0.10372939669631001000 0.26991319305960348000 -0.03160321630845645800 0.00708210763224102670 0.66718306197435673000
dino0063.png 3310.400000 0.000000 316.730000 0.000000 3325.500000 200.550000 0.000000 0.000000 1.000000 0.11407842287734175000 0.99314571972598842000 -0.02544919002933809100 -0.13674238003925052000 0.04107001351993255100 0.98975423290341658000 0.98401656849606833000 -0.10942959645530816000 0.14049029456698309000 -0.03166338689349838100 0.00779574821046115540 0.66673495724514542000
dino0064.png 3310.400000 0.000000 316.730000 0.000000 3325.500000 200.550000 0.000000 0.000000 1.000000 0.11593514191996744000 0.99228237934798458000 -0.04398481374740120100 -0.00352740936977562330 0.04469519515015370200 0.99899378556113538000 0.99325101177441211000 -0.11566340115586572000 0.00868206546487665380 -0.03173653991998751800 0.00844276063829860550 0.66619669619180300000
dino0065.png 3310.400000 0.000000 316.730000 0.000000 3325.500000 200.550000 0.000000 0.000000 1.000000 0.11219257072222423000 0.99038278058970075000 -0.08096084747180744300 0.26071821552314656000 0.04928295744981565900 0.96415567518722511000 0.95887424165472446000 -0.12927931473117779000 -0.25268122382126157000 -0.03191636320308682100 0.00949211184459059290 0.66488956402206956000
dino0066.png 3310.400000 0.000000 316.730000 0.000000 3325.500000 200.550000 0.000000 0.000000 1.000000 0.10666006627273238000 0.98938042035022233000 -0.09874142403068839100 0.38703343425804332000 0.05016366998172486900 0.92069969458488043000 0.91587647811748041000 -0.13641844905485662000 -0.37757228349363431000 -0.03201982453205196000 0.00987572506071989630 0.66414401854228611000
dino0067.png 3310.400000 0.000000 316.730000 0.000000 3325.500000 200.550000 0.000000 0.000000 1.000000 0.09880397854880693100 0.98836669527229049000 -0.11562385507603529000 0.50644376828563198000 0.05007564588943311200 0.86081741459223216000 0.85659410196856600000 -0.14360956989782381000 -0.49560380200619802000 -0.03212990764179950900 0.01015559275864634500 0.66335455226489748000
dino0068.png 3310.400000 0.000000 316.730000 0.000000 3325.500000 200.550000 0.000000 0.000000 1.000000 0.08876449759318176500 0.98735969504214460000 -0.13130687758573487000 0.61681836820370972000 0.04902045594222068100 0.78557742044994627000 0.78208499330526815000 -0.15072435339536372000 -0.60466953459620454000 -0.03224464812505678500 0.01032672076494534800 0.66253525303044902000
dino0069.png 3310.400000 0.000000 316.730000 0.000000 3325.500000 200.550000 0.000000 0.000000 1.000000 0.07672078077700011900 0.98637738986310219000 -0.14551062359680783000 0.71618756812519246000 0.04701693030250682400 0.69632239108883187000 0.69367878820074103000 -0.15763583422792377000 -0.70282317248344739000 -0.03236199840551630400 0.01038605525204622900 0.66170074146501401000
dino0070.png 3310.400000 0.000000 316.730000 0.000000 3325.500000 200.550000 0.000000 0.000000 1.000000 0.06288774540190979200 0.98543730874067670000 -0.15798163059327347000 0.80277814798521430000 0.04410082141539144200 0.59464506157245345000 0.59295307464878899000 -0.16422067864118245000 -0.78831318702244291000 -0.03247986439494858500 0.01033253740994398800 0.66086590923173727000
dino0071.png 3310.400000 0.000000 316.730000 0.000000 3325.500000 200.550000 0.000000 0.000000 1.000000 0.04751224588834228300 0.98455622768782136000 -0.16849734993552845000 0.87504487444730361000 0.04032416806699233600 0.48235989254290490000 0.48170533143604122000 -0.17036137822811340000 -0.85961398477549122000 -0.03259614274150633700 0.01016712227963553200 0.66004565414744032000
dino0072.png 3310.400000 0.000000 316.730000 0.000000 3325.500000 200.550000 0.000000 0.000000 1.000000 0.03086865441868748600 0.98374986938926079000 -0.17687013107844490000 0.93169816472840550000 0.03575436375047153600 0.36147058650425595000 0.36192074844620192000 -0.17594835364493139000 -0.91545321973078475000 -0.03270875848536913100 0.00989276165532195630 0.65925461347170589000
dino0073.png 3310.400000 0.000000 316.730000 0.000000 3325.500000 200.550000 0.000000 0.000000 1.000000 0.01325398058012104300 0.98303262353641507000 -0.18295055937943788000 0.97172702487392659000 0.03047295791361483800 0.23413444724192725000 0.23573691537009478000 -0.18088190373848478000 -0.95483442498077387000 -0.03281570196680365400 0.00951435157977823310 0.65850690354865171000
dino0074.png 3310.400000 0.000000 316.730000 0.000000 3325.500000 200.550000 0.000000 0.000000 1.000000 -0.00501744590435139470 0.98241728921329319000 -0.18663013102168269000 0.99441714926361635000 0.02457419600479073000 0.10262375829348321000 0.10540555311167227000 -0.18507399046455239000 -0.97705485215490717000 -0.03291506480446804200 0.00903864469204374020 0.65781586708647388000
dino0075.png 3310.400000 0.000000 316.730000 0.000000 3325.500000 200.550000 0.000000 0.000000 1.000000 -0.02361956627228321500 0.98191484723456013000 -0.18784318301072050000 0.99936362622379971000 0.01816334309509764300 -0.03071463497990680300 -0.02674753838552657700 -0.18844980485235505000 -0.98171797145888573000 -0.03300507384048052800 0.00847413011579110570 0.65719383582587476000
dino0076.png 3310.400000 0.000000 316.730000 0.000000 3325.500000 200.550000 0.000000 0.000000 1.000000 -0.04222043004896464100 0.98153426355947504000 -0.18656806871833659000 0.98647818703335199000 0.01135479935099920200 -0.16350134022572135000 -0.15836411820115548000 -0.19094910628596304000 -0.96874057062249674000 -0.03308412288470571200 0.00783088148122276090 0.65665190976879784000
dino0077.png 3310.400000 0.000000 316.730000 0.000000 3325.500000 200.550000 0.000000 0.000000 1.000000 -0.06048809957049093600 0.98128232981113384000 -0.18282754291896025000 0.95599077599134574000 0.00427006515721635280 -0.29336674121182821000 -0.28709545132163450000 -0.19252729402590396000 -0.93835423502633886000 -0.03315080128463900700 0.00712037774176968540 0.65619975973868205000
dino0078.png 3310.400000 0.000000 316.730000 0.000000 3325.500000 200.550000 0.000000 0.000000 1.000000 -0.07809659255905865300 0.98116354168818276000 -0.17668835441811498000 0.90844543379679243000 -0.00296443406633622140 -0.41799342031845815000 -0.41064435730225257000 -0.19315620568213338000 -0.89110120170180040000 -0.03320391917987349600 0.00635529767000885760 0.65584545424675988000
dino0079.png 3310.400000 0.000000 316.730000 0.000000 3325.500000 200.550000 0.000000 0.000000 1.000000 -0.09473168048755849200 0.98118001899820195000 -0.16826005876729078000 0.84469062050010102000 -0.01021959663918727200 -0.53515737928297591000 -0.52680607104599309000 -0.19282461814864518000 -0.82782471436500527000 -0.03324252866657698800 0.00554929433575301720 0.65559531597453202000
dino0080.png 3310.400000 0.000000 316.730000 0.000000 3325.500000 200.550000 0.000000 0.000000 1.000000 -0.11009651411378124000 0.98133146770745916000 -0.15769305692546148000 0.76586402579041812000 -0.01736595588697281700 -0.64276785473927600000 -0.63350771401763206000 -0.19153844852719831000 -0.74965392709054068000 -0.03326594076751539200 0.00471675067944830450 0.65545380858079483000
dino0081.png 3310.400000 0.000000 316.730000 0.000000 3325.500000 200.550000 0.000000 0.000000 1.000000 -0.12391690364517718000 0.98161518517099355000 -0.14517592002286950000 0.67337233249794159000 -0.02427598301196529800 -0.73890450738142677000 -0.72884516528343091000 -0.18932064887768926000 -0.65798381963983110000 -0.03327373768713974600 0.00387252367761421660 0.65542345730492757000
dino0082.png 3310.400000 0.000000 316.730000 0.000000 3325.500000 200.550000 0.000000 0.000000 1.000000 -0.13594622602836440000 0.98202610845555938000 -0.13093201539314625000 0.56886604754403658000 -0.03082636937437176900 -0.82185179129144825000 -0.81111714056603990000 -0.18621079577665539000 -0.55445023779147573000 -0.03326578029331234100 0.00303167847198005950 0.65550480374045916000
dino0083.png 3310.400000 0.000000 316.730000 0.000000 3325.500000 200.550000 0.000000 0.000000 1.000000 -0.14596981891614261000 0.98255690470303692000 -0.11521552368478181000 0.45421007228769106000 -0.03690022394568502600 -0.89012951830396658000 -0.87885550253597278000 -0.18226438405266118000 -0.44090072514896950000 -0.03324221058181623500 0.00220921985779688750 0.65569639629057996000
dino0084.png 3310.400000 0.000000 316.730000 0.000000 3325.500000 200.550000 0.000000 0.000000 1.000000 -0.15380880846442332000 0.98319810170458100000 -0.09830691012805194100 0.33145047496725366000 -0.04238915707682725700 -0.94251925311009743000 -0.93085144100575690000 -0.17755183853673573000 -0.31936160481303444000 -0.03320344916080526100 0.00141982484116118810 0.65599481593215891000
dino0085.png 3310.400000 0.000000 316.730000 0.000000 3325.500000 200.550000 0.000000 0.000000 1.000000 -0.15932330974340667000 0.98393825745009600000 -0.08050790496584411800 0.20277787180279458000 -0.04719522004354045900 -0.97808611318059957000 -0.96617710064940687000 -0.17215725349825065000 -0.19200171387822404000 -0.03315018771874559500 0.00067757999098676464 0.65639473743668841000
dino0086.png 3310.400000 0.000000 316.730000 0.000000 3325.500000 200.550000 0.000000 0.000000 1.000000 -0.16241491492138538000 0.98476416365140573000 -0.06213613646877551300 0.07048846171366203500 -0.05123264729574572600 -0.99619539785931188000 -0.98420208510045271000 -0.16617689682975692000 -0.06109382554365516700 -0.03308337672110302900 -0.00000426912388774153 0.65688902409204841000
dino0087.png 3310.400000 0.000000 316.730000 0.000000 3325.500000 200.550000 0.000000 0.000000 1.000000 -0.16302845502911581000 0.98566108220606974000 -0.04351944453645099200 -0.06305708180649947900 -0.05442939189113392400 -0.99652395120880033000 -0.98460474273925080000 -0.15971748659326984000 0.07102603962869202800 -0.03300420839445951400 -0.00061355506593981871 0.65746885546881251000
dino0088.png 3310.400000 0.000000 316.730000 0.000000 3325.500000 200.550000 0.000000 0.000000 1.000000 -0.16115298127021316000 0.98661300734933854000 -0.02499004929067994600 -0.19547560084238158000 -0.05672840702016800100 -0.97906591010181465000 -0.96737788802659230000 -0.15289429278752945000 0.20200016535600224000 -0.03291409551994804700 -0.00113940495557189170 0.65812388431241364000
dino0089.png 3310.400000 0.000000 316.730000 0.000000 3325.500000 200.550000 0.000000 0.000000 1.000000 -0.15682196103399976000 0.98760295220031102000 -0.00687860344342539070 -0.32440411798146834000 -0.05808866729712022800 -0.94413280918700426000 -0.93282893014414725000 -0.14582907370557188000 0.32949134908555844000 -0.03281464614067769500 -0.00157243512484520500 0.65884242178677921000
dino0090.png 3310.400000 0.000000 316.730000 0.000000 3325.500000 200.550000 0.000000 0.000000 1.000000 -0.15011268259895513000 0.98861325091372498000 0.01049168914248927600 -0.44754186744730684000 -0.05848589849343570300 -0.89234803950952868000 -0.88157440499624340000 -0.13864791017596495000 0.45122447466126592000 -0.03270763495888960600 -0.00190491802817292000 0.65961164538788308000
dino0091.png 3310.400000 0.000000 316.730000 0.000000 3325.500000 200.550000 0.000000 0.000000 1.000000 -0.14114487146504504000 0.98962587494601184000 0.02681085967019063200 -0.56269148498348942000 -0.05791301211158950100 -0.82463568813780685000 -0.81452893756204237000 -0.13147894837750290000 0.56502724301057250000 -0.03259497156402257200 -0.00213092058613131760 0.66041782850099029000
dino0092.png 3310.400000 0.000000 316.730000 0.000000 3325.500000 200.550000 0.000000 0.000000 1.000000 -0.13007856075298180000 0.99062275373551778000 0.04178768793577522500 -0.66779809316586225000 -0.05638023147075409100 -0.74220410109284374000 -0.73288897313046619000 -0.12445012045680925000 0.66886881161319178000 -0.03247866646615552000 -0.00224640971928785970 0.66124658456091445000
dino0093.png 3310.400000 0.000000 316.730000 0.000000 3325.500000 200.550000 0.000000 0.000000 1.000000 -0.11711122618174265000 0.99158609821406907000 0.05515491595176208500 -0.76098608922489130000 -0.05391490868194089700 -0.64652425071055941000 -0.63811135771757954000 -0.11768685419946870000 0.76089615203416661000 -0.03236079510247972400 -0.00224932455115014250 0.66208312461015684000
dino0094.png 3310.400000 0.000000 316.730000 0.000000 3325.500000 200.550000 0.000000 0.000000 1.000000 -0.10247427349658347000 0.99249871722755667000 0.06667400176151010200 -0.84059250707001476000 -0.05056103812611600900 -0.53930357092520176000 -0.53188742461995930000 -0.11130984200067209000 0.83946701041037308000 -0.03224346092074736900 -0.00213961306572091510 0.66291252035543780000
dino0095.png 3310.400000 0.000000 316.730000 0.000000 3325.500000 200.550000 0.000000 0.000000 1.000000 -0.08642889568497243200 0.99334432530374583000 0.07613938998062544400 -0.90519678884702193000 -0.04637846883667456200 -0.42245538961818846000 -0.41611271500817454000 -0.10543288014733462000 0.90317930820342662000 -0.03212875772190992200 -0.00191923303872407370 0.66371997142422356000
dino0096.png 3310.400000 0.000000 316.730000 0.000000 3325.500000 200.550000 0.000000 0.000000 1.000000 -0.06926142704252084800 0.99410783232785704000 0.08338216808487662600 -0.95364605291402937000 -0.04144183994305304000 -0.29806489556356014000 -0.29285326125089323000 -0.10016084468241195000 0.95089608147738558000 -0.03201873241692387900 -0.00159211721394027920 0.66449106862430074000
dino0097.png 3310.400000 0.000000 316.730000 0.000000 3325.500000 200.550000 0.000000 0.000000 1.000000 -0.05759504197320372600 0.99455537614813128000 0.08684774060731030600 -0.97613301072370173000 -0.03785405252420105000 -0.21385130454323170000 -0.20939944760038051000 -0.09709107931882707300 0.97299728426520327000 -0.03195037490941949500 -0.00132371336323350560 0.66496821460072708000
dino0098.png 3310.400000 0.000000 316.730000 0.000000 3325.500000 200.550000 0.000000 0.000000 1.000000 -0.08661715685291285200 0.97203145042392447000 0.21829465483805316000 -0.97597093004059532000 -0.03881511324024737600 -0.21441803766270939000 -0.19994795321325870000 -0.23162091782017200000 0.95203517502501223000 -0.03052929145155557400 -0.00129316461591125720 0.66952882492564458000
dino0099.png 3310.400000 0.000000 316.730000 0.000000 3325.500000 200.550000 0.000000 0.000000 1.000000 -0.10951399718548836000 0.97116624441025123000 0.21176174987744151000 -0.95343108813509980000 -0.04240093389221951500 -0.29861718464681858000 -0.28102814225222117000 -0.23460240775428168000 0.93058227149100003000 -0.03066226903821052700 -0.00156126417134434990 0.66906533679359559000
dino0100.png 3310.400000 0.000000 316.730000 0.000000 3325.500000 200.550000 0.000000 0.000000 1.000000 -0.14396457836077139000 0.96965263281337499000 0.19760617153779569000 -0.90366580603479685000 -0.04743335255026152200 -0.42560419233334673000 -0.40331536459778505000 -0.23984130575212276000 0.88306936201487163000 -0.03088139326382883700 -0.00189382134856659870 0.66829956227545684000
dino0101.png 3310.400000 0.000000 316.730000 0.000000 3325.500000 200.550000 0.000000 0.000000 1.000000 -0.17615954052183536000 0.96796961196911402000 0.17889346124094335000 -0.83706469603407152000 -0.05167637661502625500 -0.54465838689362511000 -0.51796861205702582000 -0.24569164740636842000 0.81935523236418450000 -0.03111031391623717300 -0.00211482478830175760 0.66749720753500119000
dino0102.png 3310.400000 0.000000 316.730000 0.000000 3325.500000 200.550000 0.000000 0.000000 1.000000 -0.20549915243217384000 0.96614853337174700000 0.15597220137777476000 -0.75486841081186118000 -0.05505096657542011400 -0.65356201391757851000 -0.62285211153835840000 -0.25204445192006247000 0.74062675623573537000 -0.03134476663676836300 -0.00222015761457645170 0.66667321892309572000
dino0103.png 3310.400000 0.000000 316.730000 0.000000 3325.500000 200.550000 0.000000 0.000000 1.000000 -0.23143687262851170000 0.96422332027030622000 0.12926937165558827000 -0.65860811165749811000 -0.05749426020475298400 -0.75028640486482034000 -0.71601208187197274000 -0.25878137856376976000 0.64835049619606955000 -0.03158038401479205300 -0.00220785767611277740 0.66584294578870407000
